State: 1 [1, 4, 4, 4, 4, 4, 4, 4] 6
State: 3 [2, 4, 4, 4, 4, 4, 4, 4] 6
State: 4 [3, 4, 4, 4, 4, 4, 4, 4] 6
State: 5 [4, 4, 4, 4, 4, 4, 4, 4] 0
State: 6 [5, 4, 4, 4, 4, 4, 4, 4] 6
State: 7 [6, 4, 4, 4, 4, 4, 4, 4] 6
State: 8 [7, 4, 4, 4, 4, 4, 4, 4] 6
State: 9 [8, 4, 4, 4, 4, 4, 4, 4] 6
State: 10 [1, 1, 4, 4, 4, 4, 4, 4] 10
State: 12 [2, 1, 4, 4, 4, 4, 4, 4] 10
State: 13 [3, 1, 4, 4, 4, 4, 4, 4] 12
State: 15 [1, 1, 4, 4, 4, 4, 4, 4] 10
State: 16 [2, 1, 4, 4, 4, 4, 4, 4] 10
State: 17 [3, 1, 4, 4, 4, 4, 4, 4] 12
State: 18 [4, 1, 4, 4, 4, 4, 4, 4] 6
State: 19 [5, 1, 4, 4, 4, 4, 4, 4] 12
State: 20 [6, 1, 4, 4, 4, 4, 4, 4] 11
State: 21 [7, 1, 4, 4, 4, 4, 4, 4] 11
State: 22 [8, 1, 4, 4, 4, 4, 4, 4] 11
State: 23 [3, 2, 4, 4, 4, 4, 4, 4] 11
State: 24 [3, 3, 4, 4, 4, 4, 4, 4] 11
State: 25 [3, 4, 4, 4, 4, 4, 4, 4] 6
State: 26 [3, 5, 4, 4, 4, 4, 4, 4] 12
State: 27 [3, 6, 4, 4, 4, 4, 4, 4] 12
State: 28 [3, 7, 4, 4, 4, 4, 4, 4] 12
State: 29 [3, 8, 4, 4, 4, 4, 4, 4] 12
State: 30 [3, 1, 1, 4, 4, 4, 4, 4] 14
State: 32 [1, 1, 1, 4, 4, 4, 4, 4] 12
State: 33 [2, 1, 1, 4, 4, 4, 4, 4] 14
State: 34 [3, 1, 1, 4, 4, 4, 4, 4] 14
State: 35 [4, 1, 1, 4, 4, 4, 4, 4] 10
State: 36 [5, 1, 1, 4, 4, 4, 4, 4] 15
State: 38 [1, 1, 1, 4, 4, 4, 4, 4] 12
State: 39 [2, 1, 1, 4, 4, 4, 4, 4] 14
State: 40 [3, 1, 1, 4, 4, 4, 4, 4] 14
State: 41 [4, 1, 1, 4, 4, 4, 4, 4] 10
State: 42 [5, 1, 1, 4, 4, 4, 4, 4] 15
State: 43 [6, 1, 1, 4, 4, 4, 4, 4] 15
State: 44 [7, 1, 1, 4, 4, 4, 4, 4] 14
State: 45 [8, 1, 1, 4, 4, 4, 4, 4] 14
State: 46 [5, 2, 1, 4, 4, 4, 4, 4] 15
State: 47 [5, 3, 1, 4, 4, 4, 4, 4] 17
State: 49 [1, 3, 1, 4, 4, 4, 4, 4] 15
State: 50 [2, 3, 1, 4, 4, 4, 4, 4] 16
State: 51 [3, 3, 1, 4, 4, 4, 4, 4] 15
State: 52 [4, 3, 1, 4, 4, 4, 4, 4] 11
State: 53 [5, 3, 1, 4, 4, 4, 4, 4] 17
State: 54 [6, 3, 1, 4, 4, 4, 4, 4] 17
State: 55 [7, 3, 1, 4, 4, 4, 4, 4] 16
State: 56 [8, 3, 1, 4, 4, 4, 4, 4] 16
State: 57 [5, 1, 1, 4, 4, 4, 4, 4] 15
State: 58 [5, 2, 1, 4, 4, 4, 4, 4] 15
State: 59 [5, 3, 1, 4, 4, 4, 4, 4] 17
State: 60 [5, 4, 1, 4, 4, 4, 4, 4] 11
State: 61 [5, 5, 1, 4, 4, 4, 4, 4] 16
State: 62 [5, 6, 1, 4, 4, 4, 4, 4] 15
State: 63 [5, 7, 1, 4, 4, 4, 4, 4] 16
State: 64 [5, 8, 1, 4, 4, 4, 4, 4] 16
State: 65 [5, 3, 2, 4, 4, 4, 4, 4] 16
State: 66 [5, 3, 3, 4, 4, 4, 4, 4] 15
State: 67 [5, 3, 4, 4, 4, 4, 4, 4] 12
State: 68 [5, 3, 5, 4, 4, 4, 4, 4] 16
State: 69 [5, 3, 6, 4, 4, 4, 4, 4] 17
State: 70 [5, 3, 7, 4, 4, 4, 4, 4] 16
State: 71 [5, 3, 8, 4, 4, 4, 4, 4] 17
State: 72 [5, 3, 1, 1, 4, 4, 4, 4] 18
State: 74 [1, 3, 1, 1, 4, 4, 4, 4] 16
State: 75 [2, 3, 1, 1, 4, 4, 4, 4] 17
State: 76 [3, 3, 1, 1, 4, 4, 4, 4] 16
State: 77 [4, 3, 1, 1, 4, 4, 4, 4] 12
State: 78 [5, 3, 1, 1, 4, 4, 4, 4] 18
State: 79 [6, 3, 1, 1, 4, 4, 4, 4] 18
State: 80 [7, 3, 1, 1, 4, 4, 4, 4] 18
State: 81 [8, 3, 1, 1, 4, 4, 4, 4] 17
State: 82 [5, 1, 1, 1, 4, 4, 4, 4] 16
State: 83 [5, 2, 1, 1, 4, 4, 4, 4] 18
State: 84 [5, 3, 1, 1, 4, 4, 4, 4] 18
State: 85 [5, 4, 1, 1, 4, 4, 4, 4] 14
State: 86 [5, 5, 1, 1, 4, 4, 4, 4] 18
State: 87 [5, 6, 1, 1, 4, 4, 4, 4] 18
State: 88 [5, 7, 1, 1, 4, 4, 4, 4] 18
State: 89 [5, 8, 1, 1, 4, 4, 4, 4] 18
State: 90 [5, 3, 2, 1, 4, 4, 4, 4] 17
State: 91 [5, 3, 3, 1, 4, 4, 4, 4] 18
State: 92 [5, 3, 4, 1, 4, 4, 4, 4] 15
State: 93 [5, 3, 5, 1, 4, 4, 4, 4] 19
State: 95 [1, 3, 5, 1, 4, 4, 4, 4] 19
State: 96 [2, 3, 5, 1, 4, 4, 4, 4] 19
State: 97 [3, 3, 5, 1, 4, 4, 4, 4] 18
State: 98 [4, 3, 5, 1, 4, 4, 4, 4] 14
State: 99 [5, 3, 5, 1, 4, 4, 4, 4] 19
State: 100 [6, 3, 5, 1, 4, 4, 4, 4] 20
State: 102 [1, 3, 5, 1, 4, 4, 4, 4] 19
State: 103 [2, 3, 5, 1, 4, 4, 4, 4] 19
State: 104 [3, 3, 5, 1, 4, 4, 4, 4] 18
State: 105 [4, 3, 5, 1, 4, 4, 4, 4] 14
State: 106 [5, 3, 5, 1, 4, 4, 4, 4] 19
State: 107 [6, 3, 5, 1, 4, 4, 4, 4] 20
State: 108 [7, 3, 5, 1, 4, 4, 4, 4] 19
State: 109 [8, 3, 5, 1, 4, 4, 4, 4] 19
State: 110 [6, 1, 5, 1, 4, 4, 4, 4] 19
State: 111 [6, 2, 5, 1, 4, 4, 4, 4] 21
State: 113 [1, 2, 5, 1, 4, 4, 4, 4] 19
State: 114 [2, 2, 5, 1, 4, 4, 4, 4] 20
State: 115 [3, 2, 5, 1, 4, 4, 4, 4] 19
State: 116 [4, 2, 5, 1, 4, 4, 4, 4] 16
State: 117 [5, 2, 5, 1, 4, 4, 4, 4] 20
State: 118 [6, 2, 5, 1, 4, 4, 4, 4] 21
State: 119 [7, 2, 5, 1, 4, 4, 4, 4] 20
State: 120 [8, 2, 5, 1, 4, 4, 4, 4] 20
State: 121 [6, 1, 5, 1, 4, 4, 4, 4] 19
State: 122 [6, 2, 5, 1, 4, 4, 4, 4] 21
State: 123 [6, 3, 5, 1, 4, 4, 4, 4] 20
State: 124 [6, 4, 5, 1, 4, 4, 4, 4] 16
State: 125 [6, 5, 5, 1, 4, 4, 4, 4] 19
State: 126 [6, 6, 5, 1, 4, 4, 4, 4] 19
State: 127 [6, 7, 5, 1, 4, 4, 4, 4] 19
State: 128 [6, 8, 5, 1, 4, 4, 4, 4] 20
State: 129 [6, 2, 1, 1, 4, 4, 4, 4] 18
State: 130 [6, 2, 2, 1, 4, 4, 4, 4] 18
State: 131 [6, 2, 3, 1, 4, 4, 4, 4] 20
State: 132 [6, 2, 4, 1, 4, 4, 4, 4] 16
State: 133 [6, 2, 5, 1, 4, 4, 4, 4] 21
State: 134 [6, 2, 6, 1, 4, 4, 4, 4] 19
State: 135 [6, 2, 7, 1, 4, 4, 4, 4] 20
State: 136 [6, 2, 8, 1, 4, 4, 4, 4] 19
State: 137 [6, 2, 5, 2, 4, 4, 4, 4] 20
State: 138 [6, 2, 5, 3, 4, 4, 4, 4] 20
State: 139 [6, 2, 5, 4, 4, 4, 4, 4] 16
State: 140 [6, 2, 5, 5, 4, 4, 4, 4] 20
State: 141 [6, 2, 5, 6, 4, 4, 4, 4] 19
State: 142 [6, 2, 5, 7, 4, 4, 4, 4] 21
State: 143 [6, 2, 5, 8, 4, 4, 4, 4] 21
State: 144 [6, 2, 5, 1, 1, 4, 4, 4] 22
State: 146 [1, 2, 5, 1, 1, 4, 4, 4] 19
State: 147 [2, 2, 5, 1, 1, 4, 4, 4] 21
State: 148 [3, 2, 5, 1, 1, 4, 4, 4] 20
State: 149 [4, 2, 5, 1, 1, 4, 4, 4] 18
State: 150 [5, 2, 5, 1, 1, 4, 4, 4] 20
State: 151 [6, 2, 5, 1, 1, 4, 4, 4] 22
State: 152 [7, 2, 5, 1, 1, 4, 4, 4] 21
State: 153 [8, 2, 5, 1, 1, 4, 4, 4] 22
State: 154 [6, 1, 5, 1, 1, 4, 4, 4] 20
State: 155 [6, 2, 5, 1, 1, 4, 4, 4] 22
State: 156 [6, 3, 5, 1, 1, 4, 4, 4] 21
State: 157 [6, 4, 5, 1, 1, 4, 4, 4] 17
State: 158 [6, 5, 5, 1, 1, 4, 4, 4] 20
State: 159 [6, 6, 5, 1, 1, 4, 4, 4] 20
State: 160 [6, 7, 5, 1, 1, 4, 4, 4] 21
State: 161 [6, 8, 5, 1, 1, 4, 4, 4] 21
State: 162 [6, 2, 1, 1, 1, 4, 4, 4] 18
State: 163 [6, 2, 2, 1, 1, 4, 4, 4] 20
State: 164 [6, 2, 3, 1, 1, 4, 4, 4] 20
State: 165 [6, 2, 4, 1, 1, 4, 4, 4] 18
State: 166 [6, 2, 5, 1, 1, 4, 4, 4] 22
State: 167 [6, 2, 6, 1, 1, 4, 4, 4] 21
State: 168 [6, 2, 7, 1, 1, 4, 4, 4] 21
State: 169 [6, 2, 8, 1, 1, 4, 4, 4] 20
State: 170 [6, 2, 5, 2, 1, 4, 4, 4] 21
State: 171 [6, 2, 5, 3, 1, 4, 4, 4] 23
State: 173 [1, 2, 5, 3, 1, 4, 4, 4] 22
State: 174 [2, 2, 5, 3, 1, 4, 4, 4] 23
State: 175 [3, 2, 5, 3, 1, 4, 4, 4] 21
State: 176 [4, 2, 5, 3, 1, 4, 4, 4] 21
State: 177 [5, 2, 5, 3, 1, 4, 4, 4] 22
State: 178 [6, 2, 5, 3, 1, 4, 4, 4] 23
State: 179 [7, 2, 5, 3, 1, 4, 4, 4] 23
State: 180 [8, 2, 5, 3, 1, 4, 4, 4] 24
State: 182 [1, 2, 5, 3, 1, 4, 4, 4] 22
State: 183 [2, 2, 5, 3, 1, 4, 4, 4] 23
State: 184 [3, 2, 5, 3, 1, 4, 4, 4] 21
State: 185 [4, 2, 5, 3, 1, 4, 4, 4] 21
State: 186 [5, 2, 5, 3, 1, 4, 4, 4] 22
State: 187 [6, 2, 5, 3, 1, 4, 4, 4] 23
State: 188 [7, 2, 5, 3, 1, 4, 4, 4] 23
State: 189 [8, 2, 5, 3, 1, 4, 4, 4] 24
State: 190 [8, 1, 5, 3, 1, 4, 4, 4] 22
State: 191 [8, 2, 5, 3, 1, 4, 4, 4] 24
State: 192 [8, 3, 5, 3, 1, 4, 4, 4] 23
State: 193 [8, 4, 5, 3, 1, 4, 4, 4] 19
State: 194 [8, 5, 5, 3, 1, 4, 4, 4] 22
State: 195 [8, 6, 5, 3, 1, 4, 4, 4] 23
State: 196 [8, 7, 5, 3, 1, 4, 4, 4] 23
State: 197 [8, 8, 5, 3, 1, 4, 4, 4] 22
State: 198 [8, 2, 1, 3, 1, 4, 4, 4] 21
State: 199 [8, 2, 2, 3, 1, 4, 4, 4] 22
State: 200 [8, 2, 3, 3, 1, 4, 4, 4] 21
State: 201 [8, 2, 4, 3, 1, 4, 4, 4] 20
State: 202 [8, 2, 5, 3, 1, 4, 4, 4] 24
State: 203 [8, 2, 6, 3, 1, 4, 4, 4] 23
State: 204 [8, 2, 7, 3, 1, 4, 4, 4] 23
State: 205 [8, 2, 8, 3, 1, 4, 4, 4] 22
State: 206 [8, 2, 5, 1, 1, 4, 4, 4] 22
State: 207 [8, 2, 5, 2, 1, 4, 4, 4] 21
State: 208 [8, 2, 5, 3, 1, 4, 4, 4] 24
State: 209 [8, 2, 5, 4, 1, 4, 4, 4] 19
State: 210 [8, 2, 5, 5, 1, 4, 4, 4] 22
State: 211 [8, 2, 5, 6, 1, 4, 4, 4] 22
State: 212 [8, 2, 5, 7, 1, 4, 4, 4] 23
State: 213 [8, 2, 5, 8, 1, 4, 4, 4] 22
State: 214 [8, 2, 5, 3, 2, 4, 4, 4] 22
State: 215 [8, 2, 5, 3, 3, 4, 4, 4] 22
State: 216 [8, 2, 5, 3, 4, 4, 4, 4] 20
State: 217 [8, 2, 5, 3, 5, 4, 4, 4] 22
State: 218 [8, 2, 5, 3, 6, 4, 4, 4] 24
State: 219 [8, 2, 5, 3, 7, 4, 4, 4] 23
State: 220 [8, 2, 5, 3, 8, 4, 4, 4] 24
State: 221 [8, 2, 5, 3, 1, 1, 4, 4] 24
State: 222 [8, 2, 5, 3, 1, 2, 4, 4] 22
State: 223 [8, 2, 5, 3, 1, 3, 4, 4] 23
State: 224 [8, 2, 5, 3, 1, 4, 4, 4] 24
State: 225 [8, 2, 5, 3, 1, 5, 4, 4] 23
State: 226 [8, 2, 5, 3, 1, 6, 4, 4] 24
State: 227 [8, 2, 5, 3, 1, 7, 4, 4] 26
State: 229 [1, 2, 5, 3, 1, 7, 4, 4] 24
State: 230 [2, 2, 5, 3, 1, 7, 4, 4] 24
State: 231 [3, 2, 5, 3, 1, 7, 4, 4] 23
State: 232 [4, 2, 5, 3, 1, 7, 4, 4] 24
State: 233 [5, 2, 5, 3, 1, 7, 4, 4] 24
State: 234 [6, 2, 5, 3, 1, 7, 4, 4] 25
State: 235 [7, 2, 5, 3, 1, 7, 4, 4] 24
State: 236 [8, 2, 5, 3, 1, 7, 4, 4] 26
State: 237 [8, 1, 5, 3, 1, 7, 4, 4] 24
State: 238 [8, 2, 5, 3, 1, 7, 4, 4] 26
State: 239 [8, 3, 5, 3, 1, 7, 4, 4] 24
State: 240 [8, 4, 5, 3, 1, 7, 4, 4] 22
State: 241 [8, 5, 5, 3, 1, 7, 4, 4] 24
State: 242 [8, 6, 5, 3, 1, 7, 4, 4] 25
State: 243 [8, 7, 5, 3, 1, 7, 4, 4] 24
State: 244 [8, 8, 5, 3, 1, 7, 4, 4] 25
State: 245 [8, 2, 1, 3, 1, 7, 4, 4] 24
State: 246 [8, 2, 2, 3, 1, 7, 4, 4] 24
State: 247 [8, 2, 3, 3, 1, 7, 4, 4] 23
State: 248 [8, 2, 4, 3, 1, 7, 4, 4] 22
State: 249 [8, 2, 5, 3, 1, 7, 4, 4] 26
State: 250 [8, 2, 6, 3, 1, 7, 4, 4] 25
State: 251 [8, 2, 7, 3, 1, 7, 4, 4] 25
State: 252 [8, 2, 8, 3, 1, 7, 4, 4] 24
State: 253 [8, 2, 5, 1, 1, 7, 4, 4] 24
State: 254 [8, 2, 5, 2, 1, 7, 4, 4] 24
State: 255 [8, 2, 5, 3, 1, 7, 4, 4] 26
State: 256 [8, 2, 5, 4, 1, 7, 4, 4] 22
State: 257 [8, 2, 5, 5, 1, 7, 4, 4] 23
State: 258 [8, 2, 5, 6, 1, 7, 4, 4] 25
State: 259 [8, 2, 5, 7, 1, 7, 4, 4] 24
State: 260 [8, 2, 5, 8, 1, 7, 4, 4] 24
State: 261 [8, 2, 5, 3, 2, 7, 4, 4] 24
State: 262 [8, 2, 5, 3, 3, 7, 4, 4] 25
State: 263 [8, 2, 5, 3, 4, 7, 4, 4] 23
State: 264 [8, 2, 5, 3, 5, 7, 4, 4] 25
State: 265 [8, 2, 5, 3, 6, 7, 4, 4] 25
State: 266 [8, 2, 5, 3, 7, 7, 4, 4] 24
State: 267 [8, 2, 5, 3, 8, 7, 4, 4] 25
State: 268 [8, 2, 5, 3, 1, 1, 4, 4] 24
State: 269 [8, 2, 5, 3, 1, 2, 4, 4] 22
State: 270 [8, 2, 5, 3, 1, 3, 4, 4] 23
State: 271 [8, 2, 5, 3, 1, 4, 4, 4] 24
State: 272 [8, 2, 5, 3, 1, 5, 4, 4] 23
State: 273 [8, 2, 5, 3, 1, 6, 4, 4] 24
State: 274 [8, 2, 5, 3, 1, 7, 4, 4] 26
State: 275 [8, 2, 5, 3, 1, 8, 4, 4] 24
State: 276 [8, 2, 5, 3, 1, 7, 1, 4] 25
State: 277 [8, 2, 5, 3, 1, 7, 2, 4] 25
State: 278 [8, 2, 5, 3, 1, 7, 3, 4] 24
State: 279 [8, 2, 5, 3, 1, 7, 4, 4] 26
State: 280 [8, 2, 5, 3, 1, 7, 5, 4] 25
State: 281 [8, 2, 5, 3, 1, 7, 6, 4] 25
State: 282 [8, 2, 5, 3, 1, 7, 7, 4] 25
State: 283 [8, 2, 5, 3, 1, 7, 8, 4] 25
State: 284 [8, 2, 5, 3, 1, 7, 4, 1] 26
State: 285 [8, 2, 5, 3, 1, 7, 4, 2] 27
State: 287 [1, 2, 5, 3, 1, 7, 4, 2] 25
State: 288 [2, 2, 5, 3, 1, 7, 4, 2] 24
State: 289 [3, 2, 5, 3, 1, 7, 4, 2] 24
State: 290 [4, 2, 5, 3, 1, 7, 4, 2] 26
State: 291 [5, 2, 5, 3, 1, 7, 4, 2] 25
State: 292 [6, 2, 5, 3, 1, 7, 4, 2] 26
State: 293 [7, 2, 5, 3, 1, 7, 4, 2] 25
State: 294 [8, 2, 5, 3, 1, 7, 4, 2] 27
State: 295 [8, 1, 5, 3, 1, 7, 4, 2] 26
State: 296 [8, 2, 5, 3, 1, 7, 4, 2] 27
State: 297 [8, 3, 5, 3, 1, 7, 4, 2] 26
State: 298 [8, 4, 5, 3, 1, 7, 4, 2] 25
State: 299 [8, 5, 5, 3, 1, 7, 4, 2] 26
State: 300 [8, 6, 5, 3, 1, 7, 4, 2] 27
State: 301 [8, 7, 5, 3, 1, 7, 4, 2] 26
State: 302 [8, 8, 5, 3, 1, 7, 4, 2] 26
State: 303 [8, 2, 1, 3, 1, 7, 4, 2] 25
State: 304 [8, 2, 2, 3, 1, 7, 4, 2] 24
State: 305 [8, 2, 3, 3, 1, 7, 4, 2] 24
State: 306 [8, 2, 4, 3, 1, 7, 4, 2] 24
State: 307 [8, 2, 5, 3, 1, 7, 4, 2] 27
State: 308 [8, 2, 6, 3, 1, 7, 4, 2] 26
State: 309 [8, 2, 7, 3, 1, 7, 4, 2] 25
State: 310 [8, 2, 8, 3, 1, 7, 4, 2] 25
State: 311 [8, 2, 5, 1, 1, 7, 4, 2] 25
State: 312 [8, 2, 5, 2, 1, 7, 4, 2] 24
State: 313 [8, 2, 5, 3, 1, 7, 4, 2] 27
State: 314 [8, 2, 5, 4, 1, 7, 4, 2] 24
State: 315 [8, 2, 5, 5, 1, 7, 4, 2] 24
State: 316 [8, 2, 5, 6, 1, 7, 4, 2] 25
State: 317 [8, 2, 5, 7, 1, 7, 4, 2] 25
State: 318 [8, 2, 5, 8, 1, 7, 4, 2] 26
State: 319 [8, 2, 5, 3, 2, 7, 4, 2] 23
State: 320 [8, 2, 5, 3, 3, 7, 4, 2] 25
State: 321 [8, 2, 5, 3, 4, 7, 4, 2] 24
State: 322 [8, 2, 5, 3, 5, 7, 4, 2] 24
State: 323 [8, 2, 5, 3, 6, 7, 4, 2] 25
State: 324 [8, 2, 5, 3, 7, 7, 4, 2] 25
State: 325 [8, 2, 5, 3, 8, 7, 4, 2] 25
State: 326 [8, 2, 5, 3, 1, 1, 4, 2] 25
State: 327 [8, 2, 5, 3, 1, 2, 4, 2] 23
State: 328 [8, 2, 5, 3, 1, 3, 4, 2] 24
State: 329 [8, 2, 5, 3, 1, 4, 4, 2] 25
State: 330 [8, 2, 5, 3, 1, 5, 4, 2] 24
State: 331 [8, 2, 5, 3, 1, 6, 4, 2] 26
State: 332 [8, 2, 5, 3, 1, 7, 4, 2] 27
State: 333 [8, 2, 5, 3, 1, 8, 4, 2] 25
State: 334 [8, 2, 5, 3, 1, 7, 1, 2] 24
State: 335 [8, 2, 5, 3, 1, 7, 2, 2] 24
State: 336 [8, 2, 5, 3, 1, 7, 3, 2] 24
State: 337 [8, 2, 5, 3, 1, 7, 4, 2] 27
State: 338 [8, 2, 5, 3, 1, 7, 5, 2] 26
State: 339 [8, 2, 5, 3, 1, 7, 6, 2] 25
State: 340 [8, 2, 5, 3, 1, 7, 7, 2] 25
State: 341 [8, 2, 5, 3, 1, 7, 8, 2] 25
State: 342 [8, 2, 5, 3, 1, 7, 4, 1] 26
State: 343 [8, 2, 5, 3, 1, 7, 4, 2] 27
State: 344 [8, 2, 5, 3, 1, 7, 4, 3] 26
State: 345 [8, 2, 5, 3, 1, 7, 4, 4] 26
State: 346 [8, 2, 5, 3, 1, 7, 4, 5] 25
State: 347 [8, 2, 5, 3, 1, 7, 4, 6] 28
